give_hand_bot00D0A6B16
give_hand_bot10D0A10B50
give_hand_bot20D0A35B36
casinoToBot00D0P
botToCasino0c
casinoToBot10D0Pc
botToCasino1c
casinoToBot20D0Pcc
botToCasino2c
casinoToBot10D0PcccF18F27F0F
botToCasino1c
casinoToBot20D0PcccF18F27F0Fc
botToCasino2c
casinoToBot00D0PcccF18F27F0Fcc
botToCasino0r
casinoToBot10D0PcccF18F27F0Fccr
botToCasino1c
casinoToBot20D0PcccF18F27F0Fccrc
botToCasino2c
casinoToBot10D0PcccF18F27F0FccrccT39T
botToCasino1r
casinoToBot20D0PcccF18F27F0FccrccT39Tr
botToCasino2r
casinoToBot00D0PcccF18F27F0FccrccT39Trr
botToCasino0r
casinoToBot10D0PcccF18F27F0FccrccT39Trrr
botToCasino1c
casinoToBot20D0PcccF18F27F0FccrccT39Trrrc
botToCasino2c
casinoToBot10D0PcccF18F27F0FccrccT39TrrrccR7R
botToCasino1c
casinoToBot20D0PcccF18F27F0FccrccT39TrrrccR7Rc
botToCasino2c
casinoToBot00D0PcccF18F27F0FccrccT39TrrrccR7Rcc
botToCasino0r
casinoToBot10D0PcccF18F27F0FccrccT39TrrrccR7Rccr
botToCasino1c
casinoToBot20D0PcccF18F27F0FccrccT39TrrrccR7Rccrc
botToCasino2c
handSummaryEven0D0PcccF18F27F0FccrccT39TrrrccR7RccrccS0A6B16S1A10B50S2A35B36W0E
0D0PcccF18F27F0FccrccT39TrrrccR7RccrccS0A6B16S1A10B50S2A35B36W0E
	hand.no: 0	count_showd(file_data)3	(count_winr(file_data)1casinoToBot00D0PcccF18F27F0FccrccT39TrrrccR7RccrccS0A6B16S1A10B50S2A35B36W0E0
stack0<<<<<<< HEAD
1 1 1 1 1 1 7 -7 7 7 7 7 7 -7 7 -7 7 -7 -7 7 -7 -7 -7 -7 7 0 -1 -1 -1 -1 -1 -1 -1 -1 -1 -1 -1 -1 -1 -1 -1 -1 -1 -1 -7 7 7 -7 -7 -7 7 7 -7 -7 7 0 -24 -24 0 24 -24 24 -24 -24 24 -24 0 24 24 24 24 24 -24 24 -24 24 -24 -24 24 -24 -24 24 -24 -24 24 -24 24 24 -24 0 -24 24 -24 -24 -24 24 24 -24 24 -24 24 -24 24 24 24 24 24 24 24 -24 24 24 -24 -24 24 -24 24 24 -24 -24 24 0 -24 -24 24 -24 -24 -24 24 -24 -24 24 -24 -24 -24 -24 24 24 -24 -24 -24 24 24 -24 -24 0 24 24 24 24 -24 24 -24 24 24 24 -24 -24 -24 24 24 24 -24 -24 -24 -24 24 -24 0 24 -24 -24 -24 -24 -24 24 24 -24 24 24 24 -24 -24 24 -24 24 -24 -24 24 -24 -24 24 -24 24 -24 -24 24 0 24 0 24 24 -24 -24 -24 24 24 24 -24 -24 -24 -24 24 -24 24 -24 24 -24 -24 0 -24 -24 24 0 -24 24 24 -24 24 -24 24 -1 1 1 1 1 1 1 1 -1 -1 1 1 1 1 1 1 1 6 7 -7 7 -7 7 7 7 -7 -2 1 1 1 -6 -3 5 2 1 6 -7 7 -2 5 -7 -7 7 -2 -5 -2 -6 2 1 -1 1 -6 1 -5 7 2 6 7 4 -7 -6 -2 -1 2 -7 7 -7 -3 -7 -1 -5 -1 -4 -6 -1 1 1 -7 1 7 -4 3 0 -4 3 -5 7 3 0 6 2 -1 -3 -1 -5 4 4 -7 2 1 1 7 -4 2 -1 1 -1 0 -6 -1 1 1 7 4 3 -1 1 -1 4 1 1 1 -1 -1 -1 -1 1 -1 1 -1 -1 4 -5 -3 1 0 -1 -4 5 -1 1 1 5 -2 5 -1 -5 6 7 2 -2 -1 -4 4 -1 0 -3 -7 -5 -2 1 3 2 5 -7 5 -7 7 -1 1 6 -2 1 -2 -1 -2 -4 -2 4 1 3 -1 1 -1 -6 -2 5 7 7 7 4 -1 -1 -1 2 1 7 -4 2 1 -1 6 7 -7 -7 2 1 6 -2 -1 1 6 7 -2 1 1 6 2 -1 -1 1 4 -1 5 1 1 1 1 -1 1 -1 -1 1 -1 6 7 7 -2 -17 5 12 13 -6 -9 -6 14 14 8 -9 7 0 3 9 -3 -2 3 7 -19 -9 3 19 13 -12 0 4 -24 24 -6 -7 0 -14 13 -1 7 -7 7 -7 -7 7 -7 -7 7 -7 7 -7 7 -1 7 -7 -7 -7 7 -7 -7 -7 7 7 7 7 -7 -7 -7 7 7 7 8 8 -22 -7 -7 8 0 6 13 35 12 12 79 86 101 86 8 22 33 10 17 24 -14 -44 -59 -29 23 -15 -23 -38 -46 -31 14 13 5 4 -7 -15 -46 -76 -106 -115 -115 -115 -7 -7 23 8 -37 -37 -67 -82 -97 -82 8 -7 -7 15 0 -45 -60 -60 -60 -60 8 3 3 48 3 -12 18 25 2 47 8 -15 0 0 15 67 74 74 89 89 -7 23 37 7 -9 36 -9 -9 -47 -62 8 0 0 30 60 45 30 45 15 37 -7 -7 -7 0 45 52 52 52 44 29 -22 9 -2 -2 -40 -70 -78 -86 -86 -56 8 8 23 23 38 68 82 67 97 82 23 -2 -51 22 169 71 46 -52 -52 46 -6 -15 21 66 118 95 87 72 94 138 23 53 75 60 52 97 96 95 95 72 -7 -22 -31 -46 -69 -77 -70 -63 -33 -33 -7 -15 -30 -15 -30 -60 -91 -84 -107 -137 8 8 -7 -37 -52 -45 -83 -53 -38 -53 -7 -22 -8 -1 -1 -9 -7 -7 -7 -7 12 4 -11 -34 -27 -27 -27 -20 -28 -7 8 -7 8 8 -7 30 8 -8 -22 -10 -25 -25 -40 -40 -41 -41 -56 -64 -7 -22 -30 -15 23 9 9 9 9 24 23 53 75 75 -7 68 53 45 75 82 97 97 103 118 -7 -37 -37 -52 -90 -45 -53 -91 -91 -121 -7 8 -15 -30 -15 -16 -31 -31 -76 -106 -3 -11 -26 -50 -65 -65 -65 -50 -50 -50 8 8 0 -15 -53 -53 -83 -113 -158 -173 0 60 82 104 89 89 -7 23 22 67 97 89 74 104 126 156 8 23 45 60 45 60 60 45 75 75 8 30 0 30 30 22 22 52 37 59 -7 0 30 22 7 29 14 6 -9 -9 -7 -67 -82 -97 -142 -7 -9 -7 14 14 3 -7 14 -7 14 -7 14 14 14 14 -7 -7 14 -7 -7 -7 14 -7 -7 -7 -7 14 14 -7 14 14 -7 -7 14 14 -7 3 14 -7 -7 14 -7 14 14 -7 -7 -22 -22 14 -7 14 -7 14 14 -7 14 -7 -7 -7 14 -7 -7 14 14 -7 -7 -7 -7 -7 -7 -7 14 -7 -7 14 -7 14 14 -7 -7 -7 -7 14 -7 -7 -7 2 -1 -7 -7 -7 -7 -7 -7 -7 -7 -7 14 14 -22 18 14 -7 -7 -7 14 -7 -22 0 48 -24 0 14 -7 -7 -7 -7 -7 -7 -22 -9 -22 -9 3 -22 -9 -22 18 -7 -7 -7 3 14 -7 -22 18 -7 -7 14 14 -22 18 -7 -7 -22 0 6 -7 14 14 -7 14 -7 -6 12 -9 -5 -6 -7 -24 48 -24 -24 -24 48 -24 -24 -24 -24 -24 -24 -24 -24 -24 48 -24 -24 -24 -24 -24 48 -24 -24 -24 -24 -24 -7 14 -7 -7 -7 -7 14 -7 2 -1 -1 -1 0 2 -7 14 14 -7 -7 -7 -7 -7 14 -7 -1 -1 -1 2 -1 2 2 -1 2 -1 -1 -1 -7 14 -7 -7 -7 3 -7 -7 14 14 -7 2 -1 -1 2 -1 2 -1 -1 2 -1 2 -1 -1 2 -1 -1 -7 -24 -24 -24 48 -24 -24 48 -24 -24 -24 -24 -24 -24 -24 -24 -7 14 -7 14 14 14 6 2 -1 2 -1 -1 -24 -5 -1 -1 -1 2 -1 2 -1 -1 2 -1 -1 -1 2 -1 -10 6 12 -24 -24 48 -24 -24 48 -24 48 -24 -24 -24 48 -11 0 -1 -1 -1 2 -1 -1 -1 -1 -1 -1 -1 2 -1 -1 -1 -1 2 -1 -1 -1 -1 -1 -1 -1 -1 2 -1 2 -1 2 2 -1 -7 14 14 -7 -7 14 14 -7 -7 -7 -7 3 -7 14 14 14 -7 -7 -7 -7 -7 -7 -7 -7 14 -7 -7 -7 14 -7 -7 -7 14 14 -7 -7 48 -7 14 -7 -7 14 -4 -1 2 2 -1 2 -6 -7 14 6 -6 14 -7 -2 4 -2 -7 -2 -2 -7 -7 4 4 -1 -1 -1 -1 -2 -1 2 4 -1 -1 2 -1 4 -2 -2 -1 -1 -1 -7 -9 -2 -1 -1 2 -1 -1 -1 -1 2 -7 -7 -7 14 4 2 -1 -7 14 -7 -7 14 14 -7 -7 -7 -7 -3 -1 14 6 -1 -7 -7 -7 14 -7 -7 26 -24 -7 0 0 0 48 -24 2 0 -17 26 -9 3 0 18 8 4 0 0 0 7 0 2 -7 13 -20 -9 2 -8 10 2 2 2 2 0 3 -9 -7 2 -7 -1 -7 8 2 0 0 0 -7 5 2 8 -7 8 8 -1 2 8 -7 -7 -7 -7 -7 -7 0 2 2 2 2 2 2 2 2 0 0 0 0 0 0 0 0 0 0 0 0 0 0 0 0 0 0 0 0 0 0 0 0 0 0 0 0 0 0 0 0 0 0 0 0 0 0 0 2 2 2 2 -11 -7 -7 9 -6 -4 -13 -13 -1 -9 -11 0 20 25 -24 8 23 2 2 3 0 25 0 -20 3 18 2 -1 -14 0 -24 25 -24 -24 25 25 25 -24 25 -7 -7 -7 0 0 -7 8 25 25 0 0 -7 25 8 -24 25 -24 -24 25 8 -24 -7 8 8 -7 0 -7 0 -8 -7 8 -7 -2 -22 0 9 2 -8 48 2 -24 -24 0 2 -8 0 0 25 25 0 0 0 25 25 0 25 -24 3 2 2 2 2 2 2 2 2 2 2 -24 -24 -24 -24 -24 -24 48 48 -24 44 2 2 -24 25 -24 -24 -7 2 2 -6 0 5 5 0 0 0 0 -3 44 12 17 0 0 2 6 8 8 6 0 2 2 0 0 3 6 8 10 15 0 5 0 0 3 7 0 0 0 5 0 2 2 2 2 2 2 2 5 -24 7 -1 2 -1 -4 7 0 4 -3 3 -10 2 0 9 -7 5 9 3 6 2 0 0 2 7 2 3 -9 12 -17 7 -4 -1 4 10 6 10 0 -24 13 -1 -1 -1 -1 6 6 6 -3 -12 6 -1 2 10 0 -7 -1 17 -17 -12 4 16 13 -12 13 -24 -3 -10 6 0 0 -1 -6 12 -7 -8 -5 -5 -1 2 6 -2 -3 0 -18 10 -1 -1 -2 -1 -2 2 -1 -1 -1 2 -2 -8 -1 
=======
1 1 1 1 1 1 7 -7 7 7 7 7 7 -7 7 -7 7 -7 -7 7 -7 -7 -7 -7 7 0 -1 -1 -1 -1 -1 -1 -1 -1 -1 -1 -1 -1 -1 -1 -1 -1 -1 -1 -7 7 7 -7 -7 -7 7 7 -7 -7 7 0 -24 -24 0 24 -24 24 -24 -24 24 -24 0 24 24 24 24 24 -24 24 -24 24 -24 -24 24 -24 -24 24 -24 -24 24 -24 24 24 -24 0 -24 24 -24 -24 -24 24 24 -24 24 -24 24 -24 24 24 24 24 24 24 24 -24 24 24 -24 -24 24 -24 24 24 -24 -24 24 0 -24 -24 24 -24 -24 -24 24 -24 -24 24 -24 -24 -24 -24 24 24 -24 -24 -24 24 24 -24 -24 0 24 24 24 24 -24 24 -24 24 24 24 -24 -24 -24 24 24 24 -24 -24 -24 -24 24 -24 0 24 -24 -24 -24 -24 -24 24 24 -24 24 24 24 -24 -24 24 -24 24 -24 -24 24 -24 -24 24 -24 24 -24 -24 24 0 24 0 24 24 -24 -24 -24 24 24 24 -24 -24 -24 -24 24 -24 24 -24 24 -24 -24 0 -24 -24 24 0 -24 24 24 -24 24 -24 24 -1 1 1 1 1 1 1 1 -1 -1 1 1 1 1 1 1 1 6 7 -7 7 -7 7 7 7 -7 -2 1 1 1 -6 -3 5 2 1 6 -7 7 -2 5 -7 -7 7 -2 -5 -2 -6 2 1 -1 1 -6 1 -5 7 2 6 7 4 -7 -6 -2 -1 2 -7 7 -7 -3 -7 -1 -5 -1 -4 -6 -1 1 1 -7 1 7 -4 3 0 -4 3 -5 7 3 0 6 2 -1 -3 -1 -5 4 4 -7 2 1 1 7 -4 2 -1 1 -1 0 -6 -1 1 1 7 4 3 -1 1 -1 4 1 1 1 -1 -1 -1 -1 1 -1 1 -1 -1 4 -5 -3 1 0 -1 -4 5 -1 1 1 5 -2 5 -1 -5 6 7 2 -2 -1 -4 4 -1 0 -3 -7 -5 -2 1 3 2 5 -7 5 -7 7 -1 1 6 -2 1 -2 -1 -2 -4 -2 4 1 3 -1 1 -1 -6 -2 5 7 7 7 4 -1 -1 -1 2 1 7 -4 2 1 -1 6 7 -7 -7 2 1 6 -2 -1 1 6 7 -2 1 1 6 2 -1 -1 1 4 -1 5 1 1 1 1 -1 1 -1 -1 1 -1 6 7 7 -2 -17 5 12 13 -6 -9 -6 14 14 8 -9 7 0 3 9 -3 -2 3 7 -19 -9 3 19 13 -12 0 4 -24 24 -6 -7 0 -14 13 -1 7 -7 7 -7 -7 7 -7 -7 7 -7 7 -7 7 -1 7 -7 -7 -7 7 -7 -7 -7 7 7 7 7 -7 -7 -7 7 7 7 8 8 -22 -7 -7 8 0 6 13 35 12 12 79 86 101 86 8 22 33 10 17 24 -14 -44 -59 -29 23 -15 -23 -38 -46 -31 14 13 5 4 -7 -15 -46 -76 -106 -115 -115 -115 -7 -7 23 8 -37 -37 -67 -82 -97 -82 8 -7 -7 15 0 -45 -60 -60 -60 -60 8 3 3 48 3 -12 18 25 2 47 8 -15 0 0 15 67 74 74 89 89 -7 23 37 7 -9 36 -9 -9 -47 -62 8 0 0 30 60 45 30 45 15 37 -7 -7 -7 0 45 52 52 52 44 29 -22 9 -2 -2 -40 -70 -78 -86 -86 -56 8 8 23 23 38 68 82 67 97 82 23 -2 -51 22 169 71 46 -52 -52 46 -6 -15 21 66 118 95 87 72 94 138 23 53 75 60 52 97 96 95 95 72 -7 -22 -31 -46 -69 -77 -70 -63 -33 -33 -7 -15 -30 -15 -30 -60 -91 -84 -107 -137 8 8 -7 -37 -52 -45 -83 -53 -38 -53 -7 -22 -8 -1 -1 -9 -7 -7 -7 -7 12 4 -11 -34 -27 -27 -27 -20 -28 -7 8 -7 8 8 -7 30 8 -8 -22 -10 -25 -25 -40 -40 -41 -41 -56 -64 -7 -22 -30 -15 23 9 9 9 9 24 23 53 75 75 -7 68 53 45 75 82 97 97 103 118 -7 -37 -37 -52 -90 -45 -53 -91 -91 -121 -7 8 -15 -30 -15 -16 -31 -31 -76 -106 -3 -11 -26 -50 -65 -65 -65 -50 -50 -50 8 8 0 -15 -53 -53 -83 -113 -158 -173 0 60 82 104 89 89 -7 23 22 67 97 89 74 104 126 156 8 23 45 60 45 60 60 45 75 75 8 30 0 30 30 22 22 52 37 59 -7 0 30 22 7 29 14 6 -9 -9 -7 -67 -82 -97 -142 -7 -9 -7 14 14 3 -7 14 -7 14 -7 14 14 14 14 -7 -7 14 -7 -7 -7 14 -7 -7 -7 -7 14 14 -7 14 14 -7 -7 14 14 -7 3 14 -7 -7 14 -7 14 14 -7 -7 -22 -22 14 -7 14 -7 14 14 -7 14 -7 -7 -7 14 -7 -7 14 14 -7 -7 -7 -7 -7 -7 -7 14 -7 -7 14 -7 14 14 -7 -7 -7 -7 14 -7 -7 -7 2 -1 -7 -7 -7 -7 -7 -7 -7 -7 -7 14 14 -22 18 14 -7 -7 -7 14 -7 -22 0 48 -24 0 14 -7 -7 -7 -7 -7 -7 -22 -9 -22 -9 3 -22 -9 -22 18 -7 -7 -7 3 14 -7 -22 18 -7 -7 14 14 -22 18 -7 -7 -22 0 6 -7 14 14 -7 14 -7 -6 12 -9 -5 -6 -7 -24 48 -24 -24 -24 48 -24 -24 -24 -24 -24 -24 -24 -24 -24 48 -24 -24 -24 -24 -24 48 -24 -24 -24 -24 -24 -7 14 -7 -7 -7 -7 14 -7 2 -1 -1 -1 0 2 -7 14 14 -7 -7 -7 -7 -7 14 -7 -1 -1 -1 2 -1 2 2 -1 2 -1 -1 -1 -7 14 -7 -7 -7 3 -7 -7 14 14 -7 2 -1 -1 2 -1 2 -1 -1 2 -1 2 -1 -1 2 -1 -1 -7 -24 -24 -24 48 -24 -24 48 -24 -24 -24 -24 -24 -24 -24 -24 -7 14 -7 14 14 14 6 2 -1 2 -1 -1 -24 -5 -1 -1 -1 2 -1 2 -1 -1 2 -1 -1 -1 2 -1 -10 6 12 -24 -24 48 -24 -24 48 -24 48 -24 -24 -24 48 -11 0 -1 -1 -1 2 -1 -1 -1 -1 -1 -1 -1 2 -1 -1 -1 -1 2 -1 -1 -1 -1 -1 -1 -1 -1 2 -1 2 -1 2 2 -1 -7 14 14 -7 -7 14 14 -7 -7 -7 -7 3 -7 14 14 14 -7 -7 -7 -7 -7 -7 -7 -7 14 -7 -7 -7 14 -7 -7 -7 14 14 -7 -7 48 -7 14 -7 -7 14 -4 -1 2 2 -1 2 -6 -7 14 6 -6 14 -7 -2 4 -2 -7 -2 -2 -7 -7 4 4 -1 -1 -1 -1 -2 -1 2 4 -1 -1 2 -1 4 -2 -2 -1 -1 -1 -7 -9 -2 -1 -1 2 -1 -1 -1 -1 2 -7 -7 -7 14 4 2 -1 -7 14 -7 -7 14 14 -7 -7 -7 -7 -3 -1 14 6 -1 -7 -7 -7 14 -7 -7 26 -24 -7 0 0 0 48 -24 2 0 -17 26 -9 3 0 18 8 4 0 0 0 7 0 2 -7 13 -20 -9 2 -8 10 2 2 2 2 0 3 -9 -7 2 -7 -1 -7 8 2 0 0 0 -7 5 2 8 -7 8 8 -1 2 8 -7 -7 -7 -7 -7 -7 0 2 2 2 2 2 2 2 2 0 0 0 0 0 0 0 0 0 0 0 0 0 0 0 0 0 0 0 0 0 0 0 0 0 0 0 0 0 0 0 0 0 0 0 0 0 0 0 2 2 2 2 -11 -7 -7 9 -6 -4 -13 -13 -1 -9 -11 0 20 25 -24 8 23 2 2 3 0 25 0 -20 3 18 2 -1 -14 0 -24 25 -24 -24 25 25 25 -24 25 -7 -7 -7 0 0 -7 8 25 25 0 0 -7 25 8 -24 25 -24 -24 25 8 -24 -7 8 8 -7 0 -7 0 -8 -7 8 -7 -2 -22 0 9 2 -8 48 2 -24 -24 0 2 -8 0 0 25 25 0 0 0 25 25 0 25 -24 3 2 2 2 2 2 2 2 2 2 2 -24 -24 -24 -24 -24 -24 48 48 -24 44 2 2 -24 25 -24 -24 -7 2 2 -6 0 5 5 0 0 0 0 -3 44 12 17 0 0 2 6 8 8 6 0 2 2 0 0 3 6 8 10 15 0 5 0 0 3 7 0 0 0 5 0 2 2 2 2 2 2 2 5 -24 7 -1 2 -1 -4 7 0 4 -3 3 -10 2 0 9 -7 5 9 3 6 2 0 0 2 7 2 3 -9 12 -17 7 -4 -1 4 10 6 10 0 -24 13 -1 -1 -1 -1 6 0 -7 2 1 4 -12 -3 12 2 -2 -3 -1 2 3 -7 -2 6 6 -1 7 2 -1 8 -4 -6 0 0 -2 -5 -1 5 -3 2 -3 0 1 2 2 -1 0 0 0 0 4 -1 0 -7 -7 -7 14 -7 14 14 14 -7 -7 -7 14 -7 14 -7 -12 -1 -8 4 -3 -13 -5 2 -8 -2 -3 -1 -12 0 -7 14 14 -7 0 -12 3 -9 6 -1 -3 -7 12 -3 -11 14 6 2 14 2 2 -1 6 -7 0 -3 -7 -1 -1 -3 -11 -24 -24 6 -23 25 -7 -2 -2 -7 6 10 -24 36 -24 48 -24 48 -24 -7 -7 4 -24 -24 -24 -11 -10 17 -9 -11 11 15 -10 1 
>>>>>>> old-state
-9 -4 13 0 0 22 10 -17 -11 4 -9 -8 5 -10 -10 14 22 -13 -10 -10 14 18 0 180 -24 27 -9 -33 2 -1 -1 2 -11 15 -10 0 -13 13 22 -11 -10 11 -7 -11 -11 -38 18 -11 -10 12 -12 -31 18 20 -9 -13 -24 -12 0 -43 11 -9 20 5 -58 -8 16 13 -1 2 10 -11 16 15 47 -11 13 -10 -14 13 20 11 10 -12 -1 49 -12 -7 17 -10 -49 -11 -5 -8 -15 20 -40 -8 -14 -13 1 43 0 0 -7 -13 -66 -9 10 12 -7 12 -13 -37 -8 1 13 -9 -9 22 46 -6 -10 4 9 20 73 -13 16 73 34 16 19 16 22 79 36 -11 16 14 32 52 69 48 12 34 44 27 -23 13 1 -18 -34 -17 -1 -8 45 58 -7 -32 -10 23 12 17 -1 0 -23 -71 -16 21 11 -24 0 22 0 -29 -102 -116 -8 28 -8 -11 -14 -50 -8 19 42 10 -8 -20 -10 -9 -5 -20 5 -19 -7 -38 -46 -30 11 -10 -35 -55 -70 -103 -81 -144 -148 -167 -155 -9 2 16 14 12 -21 -21 -37 -41 0 -73 -10 -18 14 -27 -7 -5 13 45 47 64 8 -7 -24 16 -10 14 -8 13 -11 -8 11 -13 18 56 64 67 15 -66 -7 -2 31 85 8 -11 13 15 10 -13 -11 -1 12 15 -9 -11 -11 14 8 8 -7 -8 11 -13 16 -9 15 13 0 26 5 11 15 -11 2 1 -7 8 8 8 -7 2 2 2 2 -11 -8 -10 8 8 2 -1 2 -11 15 26 -1 22 10 -1 12 -8 12 18 -1 8 -9 12 -9 -24 5 25 16 0 8 -2 -7 2 -7 4 -7 -15 21 16 22 -7 -7 6 6 9 -2 -2 -2 12 11 -4 -1 -11 -14 -14 -13 -1 -10 -13 26 -24 48 38 -7 -7 -7 -7 8 8 8 -7 -7 8 -7 8 -7 -7 -7 -7 14 -11 15 11 8 -3 -2 -17 -9 -8 -17 -8 -15 10 7 -8 -6 13 9 -11 -8 -9 7 2 -8 -17 -24 48 -24 48 -24 0 -13 20 8 -13 -10 13 26 -10 18 -17 -10 -13 -11 -14 -30 -57 16 90 69 109 109 192 -1 -14 -52 -60 -66 -73 -80 -86 -93 -100 -106 15 -2 -49 -99 -97 -50 -27 -28 -29 -32 -1 16 118 -8 15 -3 -80 -116 -58 -63 -13 5 40 -10 -33 -36 -11 38 -12 -11 42 18 94 87 79 82 71 60 -11 22 21 36 -1 138 37 -24 -44 -86 -85 -14 -72 -108 -21 -14 -7 -14 -81 -93 -141 -177 -212 -159 -175 -103 -163 -10 -11 29 -16 20 7 50 29 22 21 2 -10 18 -7 20 
stack1<<<<<<< HEAD
-1 -1 -1 -1 -1 -1 -7 7 -7 -7 -7 -7 -7 7 -7 7 -7 7 7 -7 7 7 7 7 -7 0 1 1 1 1 1 1 1 1 1 1 1 1 1 1 1 1 1 1 7 -7 -7 7 7 7 -7 -7 7 7 -7 0 24 24 0 -24 24 -24 24 24 -24 24 0 -24 -24 -24 -24 -24 24 -24 24 -24 24 24 -24 24 24 -24 24 24 -24 24 -24 -24 24 0 24 -24 24 24 24 -24 -24 24 -24 24 -24 24 -24 -24 -24 -24 -24 -24 -24 24 -24 -24 24 24 -24 24 -24 -24 24 24 -24 0 24 24 -24 24 24 24 -24 24 24 -24 24 24 24 24 -24 -24 24 24 24 -24 -24 24 24 0 -24 -24 -24 -24 24 -24 24 -24 -24 -24 24 24 24 -24 -24 -24 24 24 24 24 -24 24 0 -24 24 24 24 24 24 -24 -24 24 -24 -24 -24 24 24 -24 24 -24 24 24 -24 24 24 -24 24 -24 24 24 -24 0 -24 0 -24 -24 24 24 24 -24 -24 -24 24 24 24 24 -24 24 -24 24 -24 24 24 0 24 24 -24 0 24 -24 -24 24 -24 24 -24 1 -1 -1 -1 -1 -1 -1 -1 1 1 -1 -1 -1 -1 -1 -1 -1 -6 -7 7 -7 7 -7 -7 -7 7 2 -1 -1 -1 6 3 -5 -2 -1 -6 7 -7 2 -5 7 7 -7 2 5 2 6 -2 -1 1 -1 6 -1 5 -7 -2 -6 -7 -4 7 6 2 1 -2 7 -7 7 3 7 1 5 1 4 6 1 -1 -1 7 -1 -7 4 -3 0 4 -3 5 -7 -3 0 -6 -2 1 3 1 5 -4 -4 7 -2 -1 -1 -7 4 -2 1 -1 1 0 6 1 -1 -1 -7 -4 -3 1 -1 1 -4 -1 -1 -1 1 1 1 1 -1 1 -1 1 1 -4 5 3 -1 0 1 4 -5 1 -1 -1 -5 2 -5 1 5 -6 -7 -2 2 1 4 -4 1 0 3 7 5 2 -1 -3 -2 -5 7 -5 7 -7 1 -1 -6 2 -1 2 1 2 4 2 -4 -1 -3 1 -1 1 6 2 -5 -7 -7 -7 -4 1 1 1 -2 -1 -7 4 -2 -1 1 -6 -7 7 7 -2 -1 -6 2 1 -1 -6 -7 2 -1 -1 -6 -2 1 1 -1 -4 1 -5 -1 -1 -1 -1 1 -1 1 1 -1 1 -6 -7 -7 2 17 -5 -12 -13 6 9 6 -14 -14 -8 9 -7 0 -3 -9 3 2 -3 -7 19 9 -3 -19 -13 12 0 -4 24 -24 6 7 0 14 -13 1 -7 7 -7 7 7 -7 7 7 -7 7 -7 7 -7 1 -7 7 7 7 -7 7 7 7 -7 -7 -7 -7 7 7 7 -7 -7 -7 -8 -8 22 7 7 -8 -1 -7 -15 -38 -16 -16 -84 -92 -107 -92 -8 -24 -36 -14 -22 -30 7 37 52 22 -23 14 21 36 43 28 -17 -18 -11 -12 7 14 43 73 103 109 109 109 7 7 -23 -8 37 37 67 82 97 82 -8 7 7 -16 -1 44 59 59 59 59 -8 -3 -3 -48 -3 12 -18 -26 -4 -49 -8 14 -1 -1 -16 -69 -77 -77 -92 -92 7 -23 -39 -9 5 -40 5 5 42 57 -8 -1 -1 -31 -61 -46 -31 -46 -16 -39 7 7 7 -1 -46 -54 -54 -54 -47 -32 22 -9 2 2 39 69 76 83 83 53 -8 -8 -23 -23 -38 -68 -84 -69 -99 -84 -23 1 50 -24 -171 -73 -49 49 49 -49 6 15 -21 -66 -119 -97 -90 -75 -98 -144 -23 -53 -76 -61 -54 -99 -100 -101 -101 -79 7 22 28 43 65 72 64 56 26 26 7 14 29 14 29 59 88 80 102 132 -8 -8 7 37 52 44 81 51 36 51 7 22 6 -2 -2 5 7 7 7 7 -12 -5 10 32 24 24 24 16 23 7 -8 7 -8 -8 7 -31 -8 6 22 9 24 24 39 39 38 38 53 60 7 22 29 14 -23 -9 -9 -9 -9 -24 -25 -55 -78 -78 7 -68 -53 -46 -76 -84 -99 -99 -108 -123 7 37 37 52 89 44 51 88 88 118 7 -8 14 29 14 13 28 28 73 103 3 10 25 46 61 61 61 46 46 46 -8 -8 -1 14 51 51 81 111 156 171 -1 -61 -84 -107 -92 -92 7 -23 -24 -69 -99 -92 -77 -107 -130 -160 -8 -23 -46 -61 -46 -61 -61 -46 -76 -76 -8 -31 -1 -31 -31 -24 -24 -54 -39 -62 7 -1 -31 -24 -9 -32 -17 -10 5 5 7 67 82 97 142 8 20 14 -7 -7 3 -7 -7 14 -7 -7 -7 -7 -7 -7 14 14 -7 14 -7 14 -7 -7 -7 14 -7 -7 -7 -7 -7 -7 3 -7 -7 -7 14 -7 -7 -7 -7 -7 14 -7 -7 -2 -7 44 44 -7 -7 -7 -7 -7 -7 -7 -7 14 14 -7 -7 -7 -7 -7 -7 -7 14 -7 -7 -7 -7 -7 -7 14 -7 -7 -7 -7 -7 -7 14 14 14 -7 3 14 -7 -1 -1 14 -7 -7 -7 -7 -7 14 -7 14 -7 -7 -22 -9 -7 -7 -7 14 -7 -7 44 0 -24 -24 0 -7 14 14 -7 -7 -7 14 -22 18 44 18 3 -22 18 44 -9 -7 -7 -7 -7 -7 14 44 -9 -7 14 -7 -7 44 -9 14 14 44 0 -3 14 -7 -7 -7 -7 -7 12 -6 18 10 12 14 48 -24 -24 -24 48 -24 12 -24 48 48 -24 48 48 48 48 -24 -24 -24 -24 -24 48 -24 48 -24 -24 -24 48 -7 -7 -7 -7 -7 14 -7 14 -1 -1 2 2 -1 -1 -7 -7 -7 -7 14 -7 14 14 -7 14 -1 -1 -1 -1 -1 -1 -1 2 -1 2 -1 2 -7 -7 -7 14 14 3 14 14 -7 -7 3 -1 2 -1 -1 2 -1 0 -1 -1 -1 -1 -1 -1 -1 2 -1 14 -24 -24 -24 -24 48 -24 -24 -24 48 -24 -24 48 48 -24 48 -7 -7 14 -7 -7 -7 -3 -1 2 -1 2 -1 -24 10 -1 -1 -1 -1 -1 -1 2 2 -1 2 -1 2 -1 -1 -10 6 -24 48 48 -24 48 48 -24 -24 -24 48 -24 48 -24 22 -1 2 2 2 -1 -1 2 -1 2 2 2 -1 -1 -1 2 2 2 -1 2 -1 -1 2 2 -1 2 -1 -1 -1 -1 -1 -1 -1 -1 14 -7 -7 14 14 -7 -7 -7 14 -7 -7 -7 -7 -7 -7 -7 14 -7 -7 14 14 14 -7 14 -7 14 -7 14 -7 -7 14 14 -7 -7 14 -7 -24 14 -7 14 -7 -7 -4 2 -1 -1 -1 -1 -6 14 -7 -3 12 -7 -7 -2 -2 -2 14 4 -2 14 -7 -2 -2 -1 -1 -1 2 4 2 -1 -2 2 -1 -1 -1 -2 4 -2 -1 -1 -1 -7 18 -2 -1 2 -1 2 2 -1 2 -1 -7 14 -7 -7 -2 -1 -1 14 -7 14 -7 -7 -7 -7 14 -7 14 6 -1 -7 -3 2 14 14 14 -7 -7 14 -13 48 -1 -1 -1 -1 -24 48 -1 -1 -1 -22 12 -2 -1 -2 -2 -3 -1 -1 -1 -1 -1 -1 -1 -1 -1 -1 -1 -1 -2 -1 -1 -1 -1 -1 -1 -1 -1 -1 -1 -1 -1 -1 -1 -3 -1 -1 -1 -1 -1 -1 -1 -1 -1 -1 -1 -1 -1 -1 -1 -1 -1 -1 -1 -1 -1 -1 -1 -1 -1 -1 -1 -1 -1 -1 -1 -1 -1 -1 -1 -1 -1 -1 -1 -1 -1 -1 -1 -1 -1 -1 -1 -1 -1 -1 -1 -1 -1 -1 -1 -1 -1 -1 -1 -1 -1 -1 -1 -1 -1 -1 -1 -1 -1 -1 -11 -7 -7 -8 7 -4 -1 -2 -1 -9 -1 -1 -1 -1 -1 -3 -2 -1 -1 -1 -1 -24 -1 40 -2 -9 -1 -1 15 -1 25 -1 -1 -1 -1 -1 -1 -1 -1 -1 -1 -1 -1 -1 -1 -1 -1 -1 -1 -1 -1 -1 -1 -1 -1 -1 -1 -1 -1 48 -1 -1 -1 -1 7 -1 -1 -1 -1 -1 -1 -1 -22 -1 -8 -1 -1 -24 -1 48 -24 -1 -1 9 -2 -1 -1 -1 -1 -1 -1 -1 -1 -1 -1 -1 -1 -1 -1 -1 -1 -1 -1 -1 -1 -1 -1 -24 -24 48 48 -24 -24 -24 -24 48 -24 -1 -1 25 -24 25 -1 14 -1 -1 -1 -1 -1 -1 -3 -3 -1 -3 6 -22 -1 -2 -1 -1 -1 -3 -4 -4 -3 -1 -1 -1 -1 -3 -1 -4 -4 -4 -3 -1 -1 -1 -1 -1 -1 -1 -1 -1 -1 -1 -1 -1 -1 -1 -1 -1 -1 -2 -1 -3 -1 -1 -1 5 -4 -1 -1 6 -2 20 -1 -2 -4 -1 -3 -4 -1 -2 -1 -3 1 -1 -3 -1 -1 -3 -6 -1 -1 -2 -1 -1 -5 -3 -4 -1 25 -1 -1 -1 -1 -1 -3 -3 -3 -3 13 -3 9 -1 -2 -1 14 -1 -1 34 -1 -1 -3 -1 -1 -1 -1 6 -2 -3 -1 -1 2 9 -2 -2 9 -1 -1 -1 -1 -3 -2 -1 -1 -2 -1 2 -1 4 2 4 -1 -1 -1 -1 -1 4 16 -1 
=======
-1 -1 -1 -1 -1 -1 -7 7 -7 -7 -7 -7 -7 7 -7 7 -7 7 7 -7 7 7 7 7 -7 0 1 1 1 1 1 1 1 1 1 1 1 1 1 1 1 1 1 1 7 -7 -7 7 7 7 -7 -7 7 7 -7 0 24 24 0 -24 24 -24 24 24 -24 24 0 -24 -24 -24 -24 -24 24 -24 24 -24 24 24 -24 24 24 -24 24 24 -24 24 -24 -24 24 0 24 -24 24 24 24 -24 -24 24 -24 24 -24 24 -24 -24 -24 -24 -24 -24 -24 24 -24 -24 24 24 -24 24 -24 -24 24 24 -24 0 24 24 -24 24 24 24 -24 24 24 -24 24 24 24 24 -24 -24 24 24 24 -24 -24 24 24 0 -24 -24 -24 -24 24 -24 24 -24 -24 -24 24 24 24 -24 -24 -24 24 24 24 24 -24 24 0 -24 24 24 24 24 24 -24 -24 24 -24 -24 -24 24 24 -24 24 -24 24 24 -24 24 24 -24 24 -24 24 24 -24 0 -24 0 -24 -24 24 24 24 -24 -24 -24 24 24 24 24 -24 24 -24 24 -24 24 24 0 24 24 -24 0 24 -24 -24 24 -24 24 -24 1 -1 -1 -1 -1 -1 -1 -1 1 1 -1 -1 -1 -1 -1 -1 -1 -6 -7 7 -7 7 -7 -7 -7 7 2 -1 -1 -1 6 3 -5 -2 -1 -6 7 -7 2 -5 7 7 -7 2 5 2 6 -2 -1 1 -1 6 -1 5 -7 -2 -6 -7 -4 7 6 2 1 -2 7 -7 7 3 7 1 5 1 4 6 1 -1 -1 7 -1 -7 4 -3 0 4 -3 5 -7 -3 0 -6 -2 1 3 1 5 -4 -4 7 -2 -1 -1 -7 4 -2 1 -1 1 0 6 1 -1 -1 -7 -4 -3 1 -1 1 -4 -1 -1 -1 1 1 1 1 -1 1 -1 1 1 -4 5 3 -1 0 1 4 -5 1 -1 -1 -5 2 -5 1 5 -6 -7 -2 2 1 4 -4 1 0 3 7 5 2 -1 -3 -2 -5 7 -5 7 -7 1 -1 -6 2 -1 2 1 2 4 2 -4 -1 -3 1 -1 1 6 2 -5 -7 -7 -7 -4 1 1 1 -2 -1 -7 4 -2 -1 1 -6 -7 7 7 -2 -1 -6 2 1 -1 -6 -7 2 -1 -1 -6 -2 1 1 -1 -4 1 -5 -1 -1 -1 -1 1 -1 1 1 -1 1 -6 -7 -7 2 17 -5 -12 -13 6 9 6 -14 -14 -8 9 -7 0 -3 -9 3 2 -3 -7 19 9 -3 -19 -13 12 0 -4 24 -24 6 7 0 14 -13 1 -7 7 -7 7 7 -7 7 7 -7 7 -7 7 -7 1 -7 7 7 7 -7 7 7 7 -7 -7 -7 -7 7 7 7 -7 -7 -7 -8 -8 22 7 7 -8 -1 -7 -15 -38 -16 -16 -84 -92 -107 -92 -8 -24 -36 -14 -22 -30 7 37 52 22 -23 14 21 36 43 28 -17 -18 -11 -12 7 14 43 73 103 109 109 109 7 7 -23 -8 37 37 67 82 97 82 -8 7 7 -16 -1 44 59 59 59 59 -8 -3 -3 -48 -3 12 -18 -26 -4 -49 -8 14 -1 -1 -16 -69 -77 -77 -92 -92 7 -23 -39 -9 5 -40 5 5 42 57 -8 -1 -1 -31 -61 -46 -31 -46 -16 -39 7 7 7 -1 -46 -54 -54 -54 -47 -32 22 -9 2 2 39 69 76 83 83 53 -8 -8 -23 -23 -38 -68 -84 -69 -99 -84 -23 1 50 -24 -171 -73 -49 49 49 -49 6 15 -21 -66 -119 -97 -90 -75 -98 -144 -23 -53 -76 -61 -54 -99 -100 -101 -101 -79 7 22 28 43 65 72 64 56 26 26 7 14 29 14 29 59 88 80 102 132 -8 -8 7 37 52 44 81 51 36 51 7 22 6 -2 -2 5 7 7 7 7 -12 -5 10 32 24 24 24 16 23 7 -8 7 -8 -8 7 -31 -8 6 22 9 24 24 39 39 38 38 53 60 7 22 29 14 -23 -9 -9 -9 -9 -24 -25 -55 -78 -78 7 -68 -53 -46 -76 -84 -99 -99 -108 -123 7 37 37 52 89 44 51 88 88 118 7 -8 14 29 14 13 28 28 73 103 3 10 25 46 61 61 61 46 46 46 -8 -8 -1 14 51 51 81 111 156 171 -1 -61 -84 -107 -92 -92 7 -23 -24 -69 -99 -92 -77 -107 -130 -160 -8 -23 -46 -61 -46 -61 -61 -46 -76 -76 -8 -31 -1 -31 -31 -24 -24 -54 -39 -62 7 -1 -31 -24 -9 -32 -17 -10 5 5 7 67 82 97 142 8 20 14 -7 -7 3 -7 -7 14 -7 -7 -7 -7 -7 -7 14 14 -7 14 -7 14 -7 -7 -7 14 -7 -7 -7 -7 -7 -7 3 -7 -7 -7 14 -7 -7 -7 -7 -7 14 -7 -7 -2 -7 44 44 -7 -7 -7 -7 -7 -7 -7 -7 14 14 -7 -7 -7 -7 -7 -7 -7 14 -7 -7 -7 -7 -7 -7 14 -7 -7 -7 -7 -7 -7 14 14 14 -7 3 14 -7 -1 -1 14 -7 -7 -7 -7 -7 14 -7 14 -7 -7 -22 -9 -7 -7 -7 14 -7 -7 44 0 -24 -24 0 -7 14 14 -7 -7 -7 14 -22 18 44 18 3 -22 18 44 -9 -7 -7 -7 -7 -7 14 44 -9 -7 14 -7 -7 44 -9 14 14 44 0 -3 14 -7 -7 -7 -7 -7 12 -6 18 10 12 14 48 -24 -24 -24 48 -24 12 -24 48 48 -24 48 48 48 48 -24 -24 -24 -24 -24 48 -24 48 -24 -24 -24 48 -7 -7 -7 -7 -7 14 -7 14 -1 -1 2 2 -1 -1 -7 -7 -7 -7 14 -7 14 14 -7 14 -1 -1 -1 -1 -1 -1 -1 2 -1 2 -1 2 -7 -7 -7 14 14 3 14 14 -7 -7 3 -1 2 -1 -1 2 -1 0 -1 -1 -1 -1 -1 -1 -1 2 -1 14 -24 -24 -24 -24 48 -24 -24 -24 48 -24 -24 48 48 -24 48 -7 -7 14 -7 -7 -7 -3 -1 2 -1 2 -1 -24 10 -1 -1 -1 -1 -1 -1 2 2 -1 2 -1 2 -1 -1 -10 6 -24 48 48 -24 48 48 -24 -24 -24 48 -24 48 -24 22 -1 2 2 2 -1 -1 2 -1 2 2 2 -1 -1 -1 2 2 2 -1 2 -1 -1 2 2 -1 2 -1 -1 -1 -1 -1 -1 -1 -1 14 -7 -7 14 14 -7 -7 -7 14 -7 -7 -7 -7 -7 -7 -7 14 -7 -7 14 14 14 -7 14 -7 14 -7 14 -7 -7 14 14 -7 -7 14 -7 -24 14 -7 14 -7 -7 -4 2 -1 -1 -1 -1 -6 14 -7 -3 12 -7 -7 -2 -2 -2 14 4 -2 14 -7 -2 -2 -1 -1 -1 2 4 2 -1 -2 2 -1 -1 -1 -2 4 -2 -1 -1 -1 -7 18 -2 -1 2 -1 2 2 -1 2 -1 -7 14 -7 -7 -2 -1 -1 14 -7 14 -7 -7 -7 -7 14 -7 14 6 -1 -7 -3 2 14 14 14 -7 -7 14 -13 48 -1 -1 -1 -1 -24 48 -1 -1 -1 -22 12 -2 -1 -2 -2 -3 -1 -1 -1 -1 -1 -1 -1 -1 -1 -1 -1 -1 -2 -1 -1 -1 -1 -1 -1 -1 -1 -1 -1 -1 -1 -1 -1 -3 -1 -1 -1 -1 -1 -1 -1 -1 -1 -1 -1 -1 -1 -1 -1 -1 -1 -1 -1 -1 -1 -1 -1 -1 -1 -1 -1 -1 -1 -1 -1 -1 -1 -1 -1 -1 -1 -1 -1 -1 -1 -1 -1 -1 -1 -1 -1 -1 -1 -1 -1 -1 -1 -1 -1 -1 -1 -1 -1 -1 -1 -1 -1 -1 -1 -1 -1 -1 -1 -1 -11 -7 -7 -8 7 -4 -1 -2 -1 -9 -1 -1 -1 -1 -1 -3 -2 -1 -1 -1 -1 -24 -1 40 -2 -9 -1 -1 15 -1 25 -1 -1 -1 -1 -1 -1 -1 -1 -1 -1 -1 -1 -1 -1 -1 -1 -1 -1 -1 -1 -1 -1 -1 -1 -1 -1 -1 -1 48 -1 -1 -1 -1 7 -1 -1 -1 -1 -1 -1 -1 -22 -1 -8 -1 -1 -24 -1 48 -24 -1 -1 9 -2 -1 -1 -1 -1 -1 -1 -1 -1 -1 -1 -1 -1 -1 -1 -1 -1 -1 -1 -1 -1 -1 -1 -24 -24 48 48 -24 -24 -24 -24 48 -24 -1 -1 25 -24 25 -1 14 -1 -1 -1 -1 -1 -1 -3 -3 -1 -3 6 -22 -1 -2 -1 -1 -1 -3 -4 -4 -3 -1 -1 -1 -1 -3 -1 -4 -4 -4 -3 -1 -1 -1 -1 -1 -1 -1 -1 -1 -1 -1 -1 -1 -1 -1 -1 -1 -1 -2 -1 -3 -1 -1 -1 5 -4 -1 -1 6 -2 20 -1 -2 -4 -1 -3 -4 -1 -2 -1 -3 1 -1 -3 -1 -1 -3 -6 -1 -1 -2 -1 -1 -5 -3 -4 -1 25 -1 -1 -1 -1 -1 -3 0 8 -1 -2 -1 -12 -1 -6 -1 4 6 0 -1 -2 10 4 -1 -5 2 -6 -1 -1 -6 8 12 -1 -1 4 10 -1 -1 6 -1 -1 0 -2 -1 -1 -1 -1 -1 -1 -1 -2 -1 0 -7 14 -7 -7 -7 -7 -7 -7 14 -7 -7 -7 -7 -7 14 -2 -1 -8 -1 6 -3 -1 -1 16 4 6 -1 -12 0 14 -7 -7 14 0 13 -1 -2 -3 2 6 14 -11 -3 -2 -7 -3 -1 -7 -1 -1 0 -3 -7 1 6 -7 -1 -1 6 -2 -1 48 -3 -2 -1 -7 -1 -1 14 -5 -1 -24 -18 -24 -24 48 -24 48 14 14 -2 25 25 -1 -11 -1 -16 18 -2 -1 -4 11 -2 
>>>>>>> old-state
-2 -1 -2 -24 24 -11 -1 -17 -11 -2 -9 -1 5 -10 12 -13 -11 -13 12 20 -1 -9 -2 -60 -4 -10 18 34 -1 2 2 -1 22 -2 -2 -1 -4 -2 -11 22 -1 -10 8 -11 12 -21 -9 -39 -2 -2 -2 23 -8 -10 18 -1 48 -84 0 -27 -1 -14 -10 -4 11 -1 -57 -1 -1 -4 -1 -1 -8 -2 23 -1 -1 -10 -2 -2 -10 -2 -1 -2 -12 -84 -1 -7 -4 -10 -26 -1 -14 16 -1 -10 58 -1 -54 -13 -2 -66 7 -7 19 18 6 -9 -68 -1 -7 -1 -1 36 -8 -2 -2 -7 -9 -11 -3 -6 12 10 -1 -1 2 -11 -61 -122 -119 -13 -16 -8 -65 -30 74 -1 -15 -11 -26 -22 3 -24 -1 -37 -108 -115 -51 -72 -89 -82 -76 -69 14 -2 -45 -62 -7 -35 20 -27 -2 -37 -1 -1 0 -7 -25 -31 -9 48 -1 -11 0 58 50 86 -1 -23 16 -11 -8 -32 -1 21 -28 -22 -1 21 11 -2 29 30 5 43 65 44 32 26 -10 -1 67 93 114 123 120 165 150 188 191 18 -43 -8 4 5 35 78 64 39 31 22 20 -2 -11 30 8 13 1 -24 -19 -30 -7 8 -24 -8 5 -7 -1 -2 -2 -8 -10 -2 -9 -43 -21 -52 -43 -42 -53 -58 -50 -54 -1 -1 -3 -2 -1 -2 -1 -10 -1 -2 18 -11 22 -1 -1 -1 -1 -1 -1 -1 -8 18 -2 -2 -1 -13 -4 -1 -2 -1 -1 -3 -1 -1 -1 -1 -1 -1 -1 -1 -1 -1 -8 20 -1 -1 -1 -1 -1 -1 -2 -13 0 -11 -2 -1 -1 -1 -1 -9 2 -1 -9 -1 18 25 -4 -1 -8 0 -1 -2 -1 -1 14 -8 -1 16 -2 -1 -11 -7 -1 -2 -2 -2 -2 -2 4 -11 -2 5 2 -1 16 -1 -2 -3 20 26 -13 -24 -24 -18 -1 -1 -1 -1 -1 -1 -1 -1 -1 -1 -1 -1 14 -7 14 -7 -7 -2 -3 -1 -1 -2 -1 -17 -9 16 -2 -1 30 -2 -1 16 12 -11 -8 -1 -8 18 -4 -1 16 34 -24 -24 48 -24 48 0 -1 -3 -1 -13 20 -1 -13 -1 -1 34 -2 -13 -1 7 56 46 -1 -50 -25 -18 16 -29 2 -14 35 43 47 36 32 58 18 21 11 -1 -3 12 73 78 41 19 15 14 16 -1 -1 -106 -8 -48 -88 4 80 133 165 108 89 77 -1 18 67 -2 -19 -12 -32 -25 -22 -110 -103 -110 -106 -89 -71 12 -5 -78 -139 -72 -133 -155 -87 -66 -42 8 -14 33 33 0 -8 -7 -1 25 99 128 118 142 98 64 49 87 -1 53 52 85 51 88 122 61 64 63 -1 -1 -15 14 -10 
stack2-1 -6 -7 -7 -7 -7 14 -7 -7 -7 14 -7 -7 -7 -7 -7 -7 -7 -7 14 -7 -7 14 14 -7 14 -7 -7 14 -7 -7 3 14 -7 -7 -7 3 -7 14 14 -7 -7 -7 -7 9 14 -22 -22 -7 14 -7 14 -7 -7 14 -7 -7 -7 14 -7 14 14 -7 -7 14 -7 14 14 14 14 14 -7 -7 14 -7 14 -7 -7 14 -7 -7 -7 -7 3 -7 14 -1 2 -7 14 14 14 14 14 -7 14 -7 -7 -7 44 -9 -7 14 14 -7 -7 14 -22 0 -24 48 0 -7 -7 -7 14 14 14 -7 44 -9 -22 -9 -7 44 -9 -22 -9 14 14 14 3 -7 -7 -22 -9 14 -7 -7 -7 -22 -9 -7 -7 -22 0 -3 -7 -7 -7 14 -7 14 -6 -6 -9 -5 -6 -7 -24 -24 48 48 -24 -24 12 48 -24 -24 48 -24 -24 -24 -24 -24 48 48 48 48 -24 -24 -24 48 48 48 -24 14 -7 14 14 14 -7 -7 -7 -1 2 -1 -1 0 -1 14 -7 -7 14 -7 14 -7 -7 -7 -7 2 2 2 -1 2 -1 -1 -1 -1 -1 2 -1 14 -7 14 -7 -7 -7 -7 -7 -7 -7 3 -1 -1 2 -1 -1 -1 0 2 -1 2 -1 2 2 -1 -1 2 -7 48 48 48 -24 -24 48 -24 48 -24 48 48 -24 -24 48 -24 14 -7 -7 -7 -7 -7 -3 -1 -1 -1 -1 2 48 -5 2 2 2 -1 2 -1 -1 -1 -1 -1 2 -1 -1 2 20 -12 12 -24 -24 -24 -24 -24 -24 48 -24 -24 48 -24 -24 -11 0 -1 -1 -1 -1 2 -1 2 -1 -1 -1 2 -1 2 -1 -1 -1 -1 -1 2 2 -1 -1 2 -1 2 -1 2 -1 2 -1 -1 2 -7 -7 -7 -7 -7 -7 -7 14 -7 14 14 3 14 -7 -7 -7 -7 14 14 -7 -7 -7 14 -7 -7 -7 14 -7 -7 14 -7 -7 -7 -7 -7 14 -24 -7 -7 -7 14 -7 8 -1 -1 -1 2 -1 12 -7 -7 -3 -6 -7 14 4 -2 4 -7 -2 4 -7 14 -2 -2 2 2 2 -1 -2 -1 -1 -2 -1 2 -1 2 -2 -2 4 2 2 2 14 -9 4 2 -1 -1 -1 -1 2 -1 -1 14 -7 14 -7 -2 -1 2 -7 -7 -7 14 -7 -7 14 -7 14 -7 -3 2 -7 -3 -1 -7 -7 -7 -7 14 -7 -13 -24 8 1 1 1 -24 -24 -1 1 18 -4 -3 -1 1 -16 -6 -1 1 1 1 -6 1 -1 8 -12 21 10 -1 9 -8 -1 -1 -1 -1 1 -2 10 8 -1 8 2 8 -7 -1 3 1 1 8 -4 -1 -7 8 -7 -7 2 -1 -7 8 8 8 8 8 8 1 -1 -1 -1 -1 -1 -1 -1 -1 1 1 1 1 1 1 1 1 1 1 1 1 1 1 1 1 1 1 1 1 1 1 1 1 1 1 1 1 1 1 1 1 1 1 1 1 1 1 1 -1 -1 -1 -1 22 14 14 -1 -1 8 14 15 2 18 12 1 -19 -24 25 -5 -21 -1 -1 -2 1 -1 1 -20 -1 -9 -1 2 -1 1 -1 -24 25 25 -24 -24 -24 25 -24 8 8 8 1 1 8 -7 -24 -24 1 1 8 -24 -7 25 -24 25 25 -24 -7 -24 8 -7 -7 8 -7 8 0 9 8 -7 8 3 44 1 -1 -1 9 -24 -1 -24 48 1 -1 -1 2 1 -24 -24 1 1 1 -24 -24 0 -24 25 -2 -1 -1 -1 -1 -1 -1 -1 -1 -1 -1 48 48 -24 -24 48 48 -24 -24 -24 -20 -1 -1 -1 -1 -1 25 -7 -1 -1 7 1 -4 -4 3 3 1 3 -3 -22 -11 -15 1 1 -1 -3 -4 -4 -3 1 -1 -1 1 3 -2 -2 -4 -6 -12 1 -4 1 1 -2 -6 1 1 1 -4 1 -1 -1 -1 -1 -1 -1 -1 -3 25 -4 2 -1 2 -1 -3 1 -3 -3 -1 -10 -1 2 -5 8 -2 -5 -2 -4 -1 3 -1 -1 -4 -1 -2 12 -6 18 -6 6 2 -3 -5 -3 -6 1 -1 -12 2 2 2 2 -3 0 -1 -1 1 -3 24 4 -6 -1 -2 -3 0 -1 -1 -3 -2 -5 -1 -1 -1 -1 2 -2 -4 -6 1 1 -2 -5 2 -4 -3 -1 4 -1 1 -1 -1 2 1 1 1 1 -2 2 0 14 -7 14 -7 14 -7 -7 -7 -7 14 14 -7 14 -7 -7 14 2 16 -3 -3 16 6 -1 -8 -2 -3 2 24 0 -7 -7 -7 -7 0 -1 -2 11 -3 -1 -3 -7 -1 6 13 -7 -3 -1 -7 -1 -1 0 -3 14 -1 -3 14 2 2 -3 13 25 -24 -3 25 -24 14 3 3 -7 -1 -9 48 -18 48 -24 -24 -24 -24 -7 -7 -2 -1 -1 25 22 11 -1 -9 13 -10 -11 -1 1 
11 5 -11 24 -24 -11 -9 34 22 -2 18 9 -11 20 -2 -1 -11 26 -2 -10 -13 -9 2 -120 28 -17 -9 -2 -1 -1 -1 -1 -11 -13 12 0 17 -11 -11 -11 11 -1 -1 22 -1 59 -9 50 12 -10 14 8 -10 -10 -9 14 -24 96 0 70 -10 23 -10 -1 47 9 39 -12 2 2 -9 12 -8 -13 -70 12 -12 20 16 -11 -10 -9 -9 14 13 35 13 14 -13 20 75 12 19 -8 16 -10 -18 9 68 26 1 23 -7 7 -12 -5 60 18 58 -11 14 -11 14 1 16 1 -11 16 18 -11 -43 12 -2 -14 -8 -19 -75 24 44 48 83 -3 -4 -8 43 -49 -110 12 -1 -3 -6 -30 -73 -24 -11 2 63 87 73 58 86 98 108 84 -13 10 0 3 14 66 -10 4 -10 20 2 0 22 77 39 5 -2 -24 0 -11 0 -29 52 29 9 -5 -8 22 22 82 9 -40 -14 12 9 -1 -1 11 -24 -10 -11 -25 -59 -7 12 2 -1 11 -32 -38 -45 -21 -40 -22 -4 -23 -38 -9 41 -8 -18 -17 -14 -57 -27 2 -31 51 -10 20 -3 -3 -1 -8 -14 -21 -28 -34 -1 -1 48 -8 5 -7 9 -11 13 16 -1 15 -9 -13 -43 -15 28 108 60 60 19 -32 -7 12 -10 -13 -9 15 12 11 -11 -13 -9 22 -11 -13 -7 -7 8 9 -10 14 -8 -9 -13 -11 0 -13 -1 -10 -13 12 -1 1 8 -7 -7 -7 8 -1 -1 -1 -1 12 16 -10 -7 -7 -1 2 -1 12 -13 -13 0 -11 -8 2 -11 9 -11 -9 -1 -7 18 -11 -9 -1 -1 -24 -8 0 -7 4 8 -1 -7 4 8 -1 -19 -15 -11 14 8 -4 -4 -7 4 4 -2 -1 -9 -1 -1 12 -2 15 15 4 -10 -13 -13 48 -24 -20 8 8 8 8 -7 -7 -7 8 8 -7 8 -7 -7 14 -7 14 -7 13 -12 -10 -7 5 3 34 18 -8 19 9 -15 -8 -6 -8 -6 -2 -1 12 16 -9 -3 -1 -8 -17 48 -24 -24 -24 -24 -1 14 -17 -7 26 -10 -12 -13 11 -17 -17 12 26 12 7 -26 11 -15 -40 -44 -91 -125 -163 -1 28 17 16 18 36 47 27 74 78 94 -14 5 37 25 18 8 7 12 14 14 2 -15 -13 16 33 91 75 35 -76 -103 -97 -96 -120 11 14 -32 13 -19 24 43 -17 4 16 15 30 23 17 10 -1 -17 57 103 73 -5 118 111 110 128 77 28 39 75 20 22 14 15 55 -7 12 58 69 60 109 52 74 11 -42 -81 -69 -71 -95 -172 -90 -87 -85 -1 11 -3 -7 -10 
give_hand_bot01D1A8B1
give_hand_bot11D1A51B32
give_hand_bot21D1A46B5
casinoToBot11D1P
botToCasino0r
botToCasino1r
casinoToBot21D1Pr
botToCasino2f
casinoToBot01D1Prf
botToCasino0c
casinoToBot01D1PrfcF44F12F30F
botToCasino0c
casinoToBot11D1PrfcF44F12F30Fc
botToCasino1c
casinoToBot01D1PrfcF44F12F30Fcc
botToCasino0c
casinoToBot01D1PrfcF44F12F30FcccT2T
botToCasino0r
casinoToBot11D1PrfcF44F12F30FcccT2Tr
botToCasino1r
casinoToBot01D1PrfcF44F12F30FcccT2Trr
botToCasino0r
casinoToBot11D1PrfcF44F12F30FcccT2Trrr
botToCasino1c
casinoToBot01D1PrfcF44F12F30FcccT2TrrrcR17R
botToCasino0c
casinoToBot11D1PrfcF44F12F30FcccT2TrrrcR17Rc
botToCasino1c
casinoToBot01D1PrfcF44F12F30FcccT2TrrrcR17Rcc
botToCasino0c
handSummaryOdd1D1PrfcF44F12F30FcccT2TrrrcR17RcccS1A51B32S0A8B1W0E
1D1PrfcF44F12F30FcccT2TrrrcR17RcccS1A51B32S0A8B1W0E
	hand.no: 1	count_showd(file_data)2	(count_winr(file_data)1casinoToBot01D1PrfcF44F12F30FcccT2TrrrcR17RcccS1A51B32S0A8B1W0E0
give_hand_bot02D2A26B39
give_hand_bot12D2A50B38
give_hand_bot22D2A34B37
casinoToBot22D2P
botToCasino0c
botToCasino2r
casinoToBot02D2Pr
botToCasino0r
casinoToBot12D2Prr
botToCasino1r
casinoToBot22D2Prrr
botToCasino2c
casinoToBot02D2Prrrc
botToCasino0c
casinoToBot02D2PrrrccF21F4F30F
botToCasino0f
casinoToBot12D2PrrrccF21F4F30Ff
botToCasino1c
casinoToBot22D2PrrrccF21F4F30Ffc
botToCasino2c
casinoToBot12D2PrrrccF21F4F30FfccT41T
botToCasino1r
casinoToBot22D2PrrrccF21F4F30FfccT41Tr
botToCasino2r
casinoToBot12D2PrrrccF21F4F30FfccT41Trr
botToCasino1r
casinoToBot22D2PrrrccF21F4F30FfccT41Trrr
botToCasino2c
casinoToBot12D2PrrrccF21F4F30FfccT41TrrrcR14R
botToCasino1c
casinoToBot22D2PrrrccF21F4F30FfccT41TrrrcR14Rc
botToCasino2c
casinoToBot12D2PrrrccF21F4F30FfccT41TrrrcR14Rcc
botToCasino1c
handSummaryEven2D2PrrrccF21F4F30FfccT41TrrrcR14RcccS2A34B37S1A50B38W1E
2D2PrrrccF21F4F30FfccT41TrrrcR14RcccS2A34B37S1A50B38W1E
	hand.no: 2	count_showd(file_data)2	(count_winr(file_data)1casinoToBot12D2PrrrccF21F4F30FfccT41TrrrcR14RcccS2A34B37S1A50B38W1E1
botToCasino1c
